0.07483971961723865
,8.666660839757443e-06
,2.1284487909211753e-17
,5.3114073646476735e-12
,0.000875786719147605
,0.25
,2.100921753929446e-05
,0.013475889064943652
,0.9088389361023396
,0.1111111111111111
,0.8335822306056251
,0.05954843199647767
,0.17387279945534878
,1.0348062300226406e-11
,2.6453339370573054e-08
,0.002237698642281974
,0.09301875537889259
,0.004277653226166298
,8.631738279874838e-05
,0.668151977693362
,0.0005290941615662825
,0.21115332788199287
,0.07949063821043051
,0.10286570220708724
,0.3824087697919636
,0.001202619286642171
,0.14067820695991567
,0.0014447884416924665
,0.07339882956954705
,1.6343633212003504e-06
,0.04859261915844346
,0.9724686559694492
,0.4787848702700124
,0.09476313433025518
,8.45725176823771e-07
,0.03051851299660797
,0.6377209477934704
,0.005593843606229205
,0.9527544340649481
,0.4627292837669826
,3.179259152736443e-08
,1.945174251754e-06
,0.9673219000027281
,0.17781640104407387
,0.9666082082432724
,0.2150243298241763
,0.04956214425595989
,0.007140186543454982
,0.6372641374170926
,0.8624895572263993
,0.125
,0.930292559520607
,0.8363331394153459
,0.5756802111356243
,0.008546061769656572
,0.9285714285714286
,5.387821817734148e-18
,0.0007449293666860653
,0.3220823378124496
,3.8242823815703417e-23
,0.13590000739395253
,9.528670211734207e-05
,8.374319517103795e-16
,1.089418541542795e-16
,5.5506126251695425e-11
,0.006852339900061518
,3.257995546209483e-21
,0.004646094286299084
,0.007967193485197893
,3.160657543594414e-05
,0.009058922488549429
,0.957272026468653
,0.06026347133522311
,0.004144356736008423
,0.0009502308505827634
,1.882323869355186e-07
,7.07955927768496e-05
,2.6314943281700725e-07
,4.4779065086821575e-07
,0.06666666666666667
,0.11116154536304024
,1.4326920036056656e-06
