0.0701843303858366
,0.08575144660771017
,0.0733965436542855
,0.09580055337629667
,0.08598770697014774
,0.06430187213632611
,0.06571282724451877
,0.16925969370431393
,0.06810486923026156
,0.18330919053541228
,0.2338093582006719
,0.0878301293187056
,0.09042449153515308
,0.2591208055798858
,0.23344729286783433
,0.09501954834022913
,0.10513933172085038
,0.08551489132510759
,0.08333333333333333
,0.08333333333333333
,0.07051582026035821
,0.12162135287132841
,0.08333333333333333
,0.0733965436542855
,0.11951702767303651
,0.14925012573656937
,0.1441987492738972
,0.12120293213121242
,0.07233074388640454
,0.08598770697014774
,0.18330919053541228
,0.35145878162268335
,0.30211714239749754
,0.14880523184407918
,0.09541049386107758
,0.18330919053541228
,0.23344729286783433
,0.1262454252551085
,0.16726441947494197
,0.15013522136230545
,0.12036243268542612
,0.2197457713868271
,0.16761720689797982
,0.06430187213632611
,0.06277725612953437
,0.18285614814075662
,0.11994034549329335
,0.14397492684399277
,0.13780895277903688
,0.16761720689797982
,0.12078329348448641
,0.10615858038648246
,0.0733965436542855
,0.08551489132510759
,0.08551489132510759
,0.19915628072586744
,0.21507718368995066
,0.07024189460188923
,0.08333333333333333
,0.06484565325829907
,0.07692307692307693
,0.27075186987468697
,0.07304183100127314
,0.2197457713868271
,0.08333333333333333
,0.10610212691459164
,0.1064123719852732
,0.0763950589571521
,0.06277725612953437
,0.0733965436542855
,0.08333333333333333
,0.0733965436542855
,0.12036243268542612
,0.07692307692307693
,0.09501954834022913
,0.06941824267005342
,0.18330919053541228
,0.11131884903366823
,0.06724049007190756
,0.11261997544171243
,0.16726441947494197
,0.07692307692307693
,0.09541049386107758
,0.08982276569983122
,0.11994034549329335
,0.10615858038648246
,0.07125998759326292
,0.16902900714980318
,0.18376036912107152
,0.18330919053541228
,0.2338093582006719
,0.23344729286783433
,0.06666666666666667
,0.08333333333333333
,0.11294352364123855
,0.0733965436542855
,0.08333333333333333
,0.08575144660771017
,0.06745686061054644
,0.08333333333333333
,0.08598770697014774
,0.0733965436542855
,0.12120293213121242
,0.0701843303858366
,0.1956336396413197
,0.13712127542027447
,0.09580055337629667
,0.0733965436542855
,0.18330919053541228
,0.06619937851458521
,0.09541049386107758
,0.08921903728832897
,0.11261997544171243
,0.08333333333333333
,0.1827925992699071
,0.06963159685444391
,0.0733965436542855
,0.09580055337629667
,0.11994034549329335
,0.08333333333333333
,0.07051582026035821
,0.058823529411764705
,0.07233074388640454
,0.08333333333333333
,0.0733965436542855
,0.09423499545050296
,0.09423499545050296
,0.18330919053541228
,0.07304183100127314
,0.15013522136230545
,0.3585372029492535
,0.370134639403803
,1.0
,1.0
,0.5
,0.18232285088884853
,0.3649796880298386
,0.09541049386107758
,0.09501954834022913
,0.21790548259077896
,0.2192890130404999
,0.09541049386107758
,0.06430187213632611
,0.14397492684399277
,0.09042449153515308
,0.0733965436542855
,0.08189082032038947
,0.1965767188370015
,0.21222257324962907
,0.2591208055798858
,0.18376036912107152
,0.10029409531612349
,0.15013522136230545
,0.07895640849220581
,0.07024189460188923
,0.32057496793187823
,0.09580055337629667
,0.0733965436542855
,0.15057543909975651
,0.09580055337629667
,0.0733965436542855
,0.15453543798268382
,0.1281497018045613
,0.2711133011326292
,0.08170159625910839
,0.07233074388640454
,0.07233074388640454
,0.10633938537275378
,0.12123980196667605
,0.07692307692307693
,0.1391736831255579
,0.30256534301422866
,0.18285614814075662
,0.07051582026035821
,0.09042449153515308
,0.2812688512111156
,0.24463254350321928
,0.18193107682500526
,0.12162135287132841
,0.06788905080523375
,0.1388338206901944
,0.23565160252214873
,0.0012844157635113584
,0.14925012573656937
,0.06941824267005342
,0.07197437321284773
,0.09541049386107758
,0.10029409531612349
,0.1391736831255579
,0.09580055337629667
,0.19586869450259764
,0.18330919053541228
,0.11451013923572545
,0.08333333333333333
,0.08333333333333333
,0.08333333333333333
,0.258664758411875
,0.258664758411875
,0.18330919053541228
,0.0625
,0.0733965436542855
,0.0625
,0.07051582026035821
,0.0733965436542855
,0.09462771584600871
,0.18376036912107152
,0.0733965436542855
,0.09501954834022913
,0.11294352364123855
,0.2197457713868271
,0.12162135287132841
,0.07304183100127314
,0.07197437321284773
,0.1064123719852732
,0.1539755072895398
,0.08333333333333333
,0.06996765573888929
,0.06788905080523375
,0.07304183100127314
,0.15101411405488835
,0.12036243268542612
,0.12123980196667605
,0.2197457713868271
,0.08333333333333333
,0.09423499545050296
,0.1807718118307713
,0.07304183100127314
,0.24610349632790784
,0.12120293213121242
,0.16761720689797982
,0.15057543909975651
,0.27075186987468697
,0.08982276569983122
,0.08113284421816086
,0.09012387886902329
,0.07692307692307693
,0.06553961618422227
,0.09580055337629667
,0.2564657455100582
,0.18330919053541228
,0.07304183100127314
,0.08333333333333333
,0.18376036912107152
,0.09580055337629667
,0.06810486923026156
,0.09042449153515308
,0.0733965436542855
,0.07142857142857142
,0.1388338206901944
,0.06982469930521465
,0.07090197683198889
,0.07233074388640454
,0.09462771584600871
,0.0733965436542855
,0.15101411405488835
,0.30211714239749754
,0.14925012573656937
,0.13849308025379192
,0.09580055337629667
,0.08333333333333333
,0.06588592570537002
,0.09344688744957541
,0.09384138626669819
,0.2128072071475291
,0.09501954834022913
,0.10615858038648246
,0.08891642180805476
,0.06810486923026156
,0.15481445136531652
,0.1388338206901944
,0.09462771584600871
,0.0955446767045891
,0.12922627098167255
,0.18135296446132476
,0.07576453697808691
,0.13746555942037664
,0.07233074388640454
,0.11164517376097516
,0.10385604286377836
,0.07692307692307693
,0.0733965436542855
,0.09174745176332177
,0.06788905080523375
,0.07051582026035821
,0.06810486923026156
,0.14925012573656937
,0.07051582026035821
,0.0733965436542855
,0.3518856571968539
,0.08207986423925762
,0.2591208055798858
,0.12162135287132841
,0.09423499545050296
,0.0733965436542855
,0.12787924918376187
,0.08333333333333333
,0.13780895277903688
,0.07268656379129979
,0.21338836826649177
,0.0815121921532852
,0.06605891120943796
,0.07692307692307693
,0.07268656379129979
,0.11197080204685295
,0.08132260810451591
,0.15013522136230545
,0.30256534301422866
,0.15057543909975651
,0.2192890130404999
,0.1827925992699071
,0.30256534301422866
,0.12162135287132841
,0.30256534301422866
,0.30256534301422866
,0.06810486923026156
,0.08333333333333333
,0.09580055337629667
,0.15013522136230545
,0.12120293213121242
,0.06969310473277332
,0.11294352364123855
,0.18330919053541228
,0.07692307692307693
,0.10029409531612349
,0.07051582026035821
,0.2192890130404999
,0.08333333333333333
,0.07692307692307693
,0.12120293213121242
,0.13849308025379192
,0.14925012573656937
,0.12120293213121242
,0.07051582026035821
,0.09541049386107758
,0.14826401403314365
,0.08982276569983122
,0.2197457713868271
,0.08921903728832897
,0.07051582026035821
,0.08551489132510759
,0.12162135287132841
,0.0733965436542855
,0.08333333333333333
,0.09570921261880372
,0.07268656379129979
,0.10513933172085038
,0.08982276569983122
,0.19951520684489965
,0.09541049386107758
,0.07910964044892749
,0.0733965436542855
,0.15101411405488835
,0.08333333333333333
,0.18330919053541228
,0.16726441947494197
,0.08333333333333333
,0.07024189460188923
,0.08333333333333333
,0.12120293213121242
,0.06969310473277332
,0.15057543909975651
,0.06010096692577815
,0.24581131601565792
,0.15013522136230545
,0.0733965436542855
,0.0733965436542855
,0.07051582026035821
,0.08598770697014774
,0.07051582026035821
,0.1006999110700394
,0.06788905080523375
,0.0733965436542855
,0.07233074388640454
,0.0733965436542855
,0.15057543909975651
,0.0701843303858366
,0.07051582026035821
,0.06810486923026156
,0.06969310473277332
,0.06788905080523375
,0.09265521775201258
,0.2582061341980192
,0.11326638157992042
,0.07233074388640454
,0.18330919053541228
,0.19915628072586744
,0.198796101332112
,0.15013522136230545
,0.09462771584600871
,0.11994034549329335
,0.06593845111867896
,0.15057543909975651
,0.09501954834022913
,0.08333333333333333
,0.12895791225269926
,0.07304183100127314
,0.07304183100127314
,0.14925012573656937
,0.31762814799862416
,0.2711133011326292
,0.16655563387047678
,0.07692307692307693
,0.12120293213121242
,0.12895791225269926
,0.12120293213121242
,0.12120293213121242
,0.16964265318334876
,0.2192890130404999
,0.12120293213121242
,0.12162135287132841
