3.239258900320193e-14
,1.653318062432772e-14
,2.3086480004027576e-09
,0.17715617715617715
,0.014610596215938201
,2.9916216323243132e-06
,0.8636363636363635
,1.8955967331318824e-15
,7.048405604983183e-07
,4.259699674264106e-24
,1.2997606426473186e-39
,0.00025798580351200017
,0.06749877084798848
,0.006629039607495425
,0.07308344891933682
,7.090257159786165e-19
,3.343716781481184e-10
,0.9963644294856997
,0.11513759158733311
,0.235503146347398
,0.12723917764396403
,1.4675949340085656e-28
,1.448479502141075e-31
,0.00044589234184300023
,1.875869007694492e-29
,7.777008625470096e-07
,3.255903765707597e-22
